victor@LenVictor2025:~/models-in-parallel-programing$ ./benchmark.py ./sequential 1500
        1500    0.0296360830    1.8260939740    0.0138048530    1.8695353950
        1500    0.0229582510    1.6621296820    0.0158787170    1.7009670130
        1500    0.0249110800    1.7456174270    0.0204658000    1.7909947250
        1500    0.0236120280    1.8776956610    0.0169656570    1.9182737860
        1500    0.0258912060    1.6038076190    0.0139780090    1.6436773140
        1500    0.0230476250    1.5778275580    0.0138955700    1.6147711530
        1500    0.0232357740    1.6571133870    0.0137663680    1.6941158770
        1500    0.0222847430    1.5709239630    0.0155643670    1.6087735310
        1500    0.0251471670    1.5598798940    0.0136763840    1.5987038180
        1500    0.0225349080    1.6422467730    0.0214983260    1.6862804440
victor@LenVictor2025:~/models-in-parallel-programing$ ./benchmark.py ./parallel_20 1500
        1500    0.0226536680    0.2816796250    0.0139218140    0.3182554720
        1500    0.0219458300    0.3006037650    0.0139465600    0.3364965520
        1500    0.0217517250    0.2847293660    0.0136536690    0.3201351690
        1500    0.0237233290    0.3272797830    0.0140860240    0.3650895690
        1500    0.0223860930    0.2907180610    0.0141917840    0.3272962760
        1500    0.0215251960    0.2819842630    0.0136750970    0.3171849650
        1500    0.0220072480    0.2973230400    0.0138735620    0.3332042670
        1500    0.0226403540    0.2955749890    0.0139609210    0.3321766240
        1500    0.0221569020    0.2919206710    0.0139025530    0.3279805420
        1500    0.0216325470    0.2961678880    0.0150079560    0.3328088150
victor@LenVictor2025:~/models-in-parallel-programing$ ./benchmark.py ./parallel_40 1500
        1500    0.0221305460    0.2614476290    0.0145093940    0.2980879490
        1500    0.0221308190    0.2949581150    0.0137773610    0.3308667350
        1500    0.0227986500    0.2807644910    0.0137969480    0.3173604520
        1500    0.0224095690    0.2700251100    0.0140347640    0.3064698330
        1500    0.0217452480    0.2826158990    0.0140238780    0.3183854320
        1500    0.0214146230    0.2852032610    0.0143086420    0.3209269110
        1500    0.0214622120    0.2519996860    0.0140082050    0.2874705150
        1500    0.0214996130    0.2739731550    0.0141509730    0.3096241210
        1500    0.0216910740    0.2536631370    0.0141958250    0.2895504090
        1500    0.0220255500    0.2655377430    0.0140274240    0.3015911050
victor@LenVictor2025:~/models-in-parallel-programing$ ./benchmark.py ./parallel_20 2000
        2000    0.0412121660    0.6848534760    0.0242360810    0.7503020800
        2000    0.0385483460    0.7136991490    0.0238782680    0.7761262000
        2000    0.0395657980    0.6428016680    0.0240914260    0.7064593430
        2000    0.0401576740    0.6951117320    0.0243135780    0.7595833790
        2000    0.0390655720    0.6479058210    0.0247612990    0.7117330890
        2000    0.0389819710    0.6636369300    0.0240480310    0.7266673830
        2000    0.0408483980    0.6911245420    0.0308753100    0.7628487190
        2000    0.0461891850    0.7141996220    0.0256698540    0.7860590750
        2000    0.0458680290    0.6744483680    0.0246212180    0.7449380940
        2000    0.0391713070    0.6671571020    0.0241720510    0.7305009030
victor@LenVictor2025:~/models-in-parallel-programing$ ./benchmark.py ./parallel_40 2000
        2000    0.0400619650    0.6555664180    0.0247636360    0.7203924220
        2000    0.0388344000    0.6315000160    0.0244631980    0.6947980700
        2000    0.0395613280    0.6031796280    0.0250105330    0.6677518710
        2000    0.0391088580    0.6128241070    0.0248030540    0.6767364080
        2000    0.0414745230    0.6341766760    0.0243948710    0.7000464870
        2000    0.0404839030    0.6263660120    0.0245579100    0.6914082240
        2000    0.0395442620    0.5862939190    0.0245693880    0.6504079710
        2000    0.0386116250    0.6159065880    0.0274461180    0.6819647090
        2000    0.0389662520    0.6164232520    0.0247156770    0.6801055520
        2000    0.0389844360    0.6256707580    0.0246284240    0.6892840100
victor@LenVictor2025:~/models-in-parallel-programing$ ./benchmark.py ./parallel_20 2500
        2500    0.0708994450    1.3657415510    0.0385944710    1.4752358360
        2500    0.0642160260    1.3622813920    0.0406586030    1.4671564650
        2500    0.0625252870    1.4362337980    0.0410292990    1.5397888540
        2500    0.0653461920    1.3961568260    0.0474598990    1.5089633400
        2500    0.0641717020    1.3245696810    0.0374976960    1.4262395520
        2500    0.0619099560    1.3471818510    0.0386704460    1.4477626660
        2500    0.0613288530    1.3226336820    0.0383235010    1.4222864400
        2500    0.0645758730    1.3442384910    0.0377360560    1.4465508400
        2500    0.0619529120    1.3817826710    0.0405497220    1.4842857910
        2500    0.0734950340    1.4077143220    0.0428678560    1.5240776590
victor@LenVictor2025:~/models-in-parallel-programing$ ./benchmark.py ./parallel_40 2500
        2500    0.0807065940    1.3596235680    0.0381273830    1.4784579230
        2500    0.0628838310    1.3217517770    0.0406460270    1.4252820350
        2500    0.0636011200    1.3287547860    0.0374368630    1.4297932260
        2500    0.0649598350    1.3470091260    0.0375040850    1.4494734870
        2500    0.0644646230    1.3221534240    0.0378565540    1.4244750120
        2500    0.0632179710    1.3188281700    0.0389823570    1.4210289020
        2500    0.0624703180    1.3100422460    0.0377400160    1.4102529570
        2500    0.0613712260    1.3108920280    0.0415878810    1.4138515150
        2500    0.0666679570    1.3336432990    0.0372477880    1.4375594090
        2500    0.0626511080    1.3725427670    0.0386064110    1.4738006740
